会議に参加
[DESKTOP_MOBILE_ACCESS_LINK]

電話から接続するには、次のアクセス番号にダイヤルしてください。
会議 ID の入力を求められたら [MEETING_ID_WITH_SPACE_4]# を入力してください。
[PIN_START]PIN の入力を求められたら [PIN]# を入力してください。[PIN_END]

[DIAL-IN-LABEL] [DIAL-IN-NUMBER]

アイルランド： +353 95 72 400
アメリカ合衆国： +1 972 810 6901
アメリカ合衆国/カナダ（無料通話）： +1 833 273 2366
アルゼンチン： +54 223 432 2673
イギリス： +44 1264 280089
イギリス（無料通話）： +44 8000 488777
イスラエル： +972 2 372 4288
イタリア： +39 071 876 0130
インド（無料通話）： 1800 267 9801
オーストラリア： +61 8 6193 7016
オーストラリア（無料通話）： +611 8 0031 9270
オーストリア： +43 720 883619
オランダ： +31 10 808 0176
カナダ： +1 613 902 2929
カナダ/アメリカ合衆国（無料通話）： +1 833 273 2366
キプロス： +357 22 000 570
ギリシャ： +30 211 198 9011
コロンビア： +57 1 5085241
シンガポール： +65 3158 1985
スイス： +41 33 588 01 21
スウェーデン： +46 583 89 09 08
スペイン： +34 950 68 90 34
スロバキア： +421 44 321 13 01
スロベニア： +386 8288 0480
チェコ共和国： +420 323 280 011
チリ： +56 35 233 2553
デンマーク： +45 89 87 56 70
ドイツ： +49 89 380 38867
ドミニカ共和国： +1 849 941 5306
ニュージーランド： +64 6 888 7025
ノルウェー： +47 33 99 79 53
パナマ： +507 833 9326
ハンガリー： +36 36 884 006
フィンランド： +358 16 469 13 89
プエルトリコ： +1 939 201 3020
ブラジル（サンパウロ）： +55 11 3958 4735
ブラジル（リオ）： +55 21 3500 0466
フランス： +33 1 76 36 14 16
ペルー： +51 1 7086918
ベルギー： +32 52 28 01 62
ポーランド： +48 95 888 10 64
ポルトガル： +351 308 807 185
マレーシア： +60 392 126 823
メキシコ： +52 983 980 0537
ルーマニア： +40 339 630 007
ルクセンブルグ： +352 27 86 39 35
南アフリカ共和国： +27 53 004 0090
日本： +81 44 670 4530
韓国： +82 70 4732 5044
香港： +852 5808 3147

SIP または H.323 ビデオ会議システムから参加してください。
[E164]@meetingsstg.avaya.com を入力
[PIN_START]PIN の入力を求められたら [PIN]# を入力してください。[PIN_END]
