加入会议
[DESKTOP_MOBILE_ACCESS_LINK]

要通过电话连接，请拨打以下访问号码。
在系统提示输入会议 ID 时输入 [MEETING_ID_WITH_SPACE_4]#
[PIN_START]在系统提示输入 PIN 时输入 [PIN]#[PIN_END]

[DIAL-IN-LABEL] [DIAL-IN-NUMBER]

中国香港： +852 5808 0139
丹麦： +45 89 87 56 69
以色列： +972 2 569 5170
加拿大： +1 613 902 2881
加拿大/美国（免费电话）： +1 833 274 2366
匈牙利： +36 36 884 005
南非： +27 53 004 0095
卢森堡： +352 27 86 25 03
印度（免费电话）： 1800 267 9802
哥伦比亚： +57 1 5085240
塞浦路斯： +357 22 000 568
多米尼加共和国： +1 849 941 5304
奥地利： +43 720 884026
巴拿马： +507 836 5068
巴西（圣保罗）： +55 11 3958 4754
巴西（里约）： +55 21 3500 0465
希腊： +30 211 198 8988
德国： +49 89 380 38900
意大利： +39 06 9480 4505
挪威： +47 33 99 79 52
捷克共和国： +420 323 280 008
斯洛伐克： +421 37 230 29 05
斯洛文尼亚： +386 8288 0264
新加坡： +65 3158 1984
新西兰： +64 6 888 7002
日本： +81 44 670 4529
智利： +56 43 245 2125
比利时： +32 52 28 01 74
法国： +33 1 76 36 14 15
波兰： +48 65 888 10 44
波多黎各： +1 939 201 3179
澳大利亚： +61 2 8015 2112
澳大利亚（免费电话）： +611 8 0031 9261
爱尔兰： +353 66 401 41 92
瑞典： +46 690 80 19 13
瑞士： +41 33 588 01 22
秘鲁： +51 1 7085498
罗马尼亚： +40 345 630 014
美国： +1 972 810 6902
美国/加拿大（免费电话）： +1 833 274 2366
芬兰： +358 16 469 14 33
英国： +44 1264 280034
英国（免费电话）： +44 8000 698076
荷兰： +31 10 808 0177
葡萄牙： +351 308 807 179
西班牙： +34 868 48 30 25
阿根廷： +54 223 432 2621
韩国： +82 70 7663 2326
马来西亚： +60 392 125 470
墨西哥： +52 983 980 0505

通过 SIP 或 H.323 视频会议系统加入。
输入 [E164]@meetings.avaya.com
[PIN_START]在系统提示输入 PIN 时输入 [PIN]#[PIN_END]
