会議に参加
[DESKTOP_MOBILE_ACCESS_LINK]

電話から接続するには、次のアクセス番号にダイヤルしてください。
会議 ID の入力を求められたら [MEETING_ID_WITH_SPACE_4]# を入力してください。
[PIN_START]PIN の入力を求められたら [PIN]# を入力してください。[PIN_END]

[DIAL-IN-LABEL] [DIAL-IN-NUMBER]

アイルランド： +353 66 401 41 92
アメリカ合衆国： +1 972 810 6902
アメリカ合衆国/カナダ（無料通話）： +1 833 274 2366
アルゼンチン： +54 223 432 2621
イギリス： +44 1264 280034
イギリス（無料通話）： +44 8000 698076
イスラエル： +972 2 569 5170
イタリア： +39 06 9480 4505
インド（無料通話）： 1800 267 9802
オーストラリア： +61 2 8015 2112
オーストラリア（無料通話）： +611 8 0031 9261
オーストリア： +43 720 884026
オランダ： +31 10 808 0177
カナダ： +1 613 902 2881
カナダ/アメリカ合衆国（無料通話）： +1 833 274 2366
キプロス： +357 22 000 568
ギリシャ： +30 211 198 8988
コロンビア： +57 1 5085240
シンガポール： +65 3158 1984
スイス： +41 33 588 01 22
スウェーデン： +46 690 80 19 13
スペイン： +34 868 48 30 25
スロバキア： +421 37 230 29 05
スロベニア： +386 8288 0264
チェコ共和国： +420 323 280 008
チリ： +56 43 245 2125
デンマーク： +45 89 87 56 69
ドイツ： +49 89 380 38900
ドミニカ共和国： +1 849 941 5304
ニュージーランド： +64 6 888 7002
ノルウェー： +47 33 99 79 52
パナマ： +507 836 5068
ハンガリー： +36 36 884 005
フィンランド： +358 16 469 14 33
プエルトリコ： +1 939 201 3179
ブラジル（サンパウロ）： +55 11 3958 4754
ブラジル（リオ）： +55 21 3500 0465
フランス： +33 1 76 36 14 15
ペルー： +51 1 7085498
ベルギー： +32 52 28 01 74
ポーランド： +48 65 888 10 44
ポルトガル： +351 308 807 179
マレーシア： +60 392 125 470
メキシコ： +52 983 980 0505
ルーマニア： +40 345 630 014
ルクセンブルグ： +352 27 86 25 03
南アフリカ共和国： +27 53 004 0095
日本： +81 44 670 4529
韓国： +82 70 7663 2326
香港： +852 5808 0139

SIP または H.323 ビデオ会議システムから参加してください。
[E164]@meetings.avaya.com を入力
[PIN_START]PIN の入力を求められたら [PIN]# を入力してください。[PIN_END]
