加入會議
[DESKTOP_MOBILE_ACCESS_LINK]

若要從電話連線，請撥打以下存取號碼。
提示輸入會議 ID 時，輸入 [MEETING_ID_WITH_SPACE_4]#
[PIN_START]提示輸入 PIN 時，輸入 [PIN]#[PIN_END]

[DIAL-IN-LABEL] [DIAL-IN-NUMBER]

丹麥： +45 89 87 56 69
以色列： +972 2 569 5170
加拿大： +1 613 902 2881
加拿大/美國（免付費電話）： +1 833 274 2366
匈牙利： +36 36 884 005
南非： +27 53 004 0095
印度（免付費電話）： 1800 267 9802
哥倫比亞： +57 1 5085240
多明尼加共和國： +1 849 941 5304
奧地利： +43 720 884026
巴拿馬： +507 836 5068
巴西（聖保羅）： +55 11 3958 4754
巴西（里約）： +55 21 3500 0465
希臘： +30 211 198 8988
德國： +49 89 380 38900
愛爾蘭： +353 66 401 41 92
挪威： +47 33 99 79 52
捷克共和國： +420 323 280 008
斯洛伐克： +421 37 230 29 05
斯洛維尼亞： +386 8288 0264
新加坡： +65 3158 1984
日本： +81 44 670 4529
智利： +56 43 245 2125
比利時： +32 52 28 01 74
法國： +33 1 76 36 14 15
波多黎各： +1 939 201 3179
波蘭： +48 65 888 10 44
澳大利亞： +61 2 8015 2112
澳大利亞（免付費電話）： +611 8 0031 9261
瑞典： +46 690 80 19 13
瑞士： +41 33 588 01 22
盧森堡： +352 27 86 25 03
秘魯： +51 1 7085498
紐西蘭： +64 6 888 7002
羅馬尼亞： +40 345 630 014
美國： +1 972 810 6902
美國/加拿大（免付費電話）： +1 833 274 2366
義大利： +39 06 9480 4505
芬蘭： +358 16 469 14 33
英國： +44 1264 280034
英國（免付費電話）： +44 8000 698076
荷蘭： +31 10 808 0177
葡萄牙： +351 308 807 179
西班牙： +34 868 48 30 25
賽普勒斯： +357 22 000 568
阿根廷： +54 223 432 2621
韓國： +82 70 7663 2326
香港特別行政區： +852 5808 0139
馬來西亞： +60 392 125 470
墨西哥： +52 983 980 0505

從 SIP 或 H.323 視訊會議系統加入。
輸入 [E164]@meetings.avaya.com
[PIN_START]提示輸入 PIN 時，輸入 [PIN]#[PIN_END]
