加入会议
[DESKTOP_MOBILE_ACCESS_LINK]

要通过电话连接，请拨打以下访问号码。
在系统提示输入会议 ID 时输入 [MEETING_ID_WITH_SPACE_4]#
[PIN_START]在系统提示输入 PIN 时输入 [PIN]#[PIN_END]

[DIAL-IN-LABEL] [DIAL-IN-NUMBER]

中国香港： +852 5808 3147
丹麦： +45 89 87 56 70
以色列： +972 2 372 4288
加拿大： +1 613 902 2929
加拿大/美国（免费电话）： +1 833 273 2366
匈牙利： +36 36 884 006
南非： +27 53 004 0090
卢森堡： +352 27 86 39 35
印度（免费电话）： 1800 267 9801
哥伦比亚： +57 1 5085241
塞浦路斯： +357 22 000 570
多米尼加共和国： +1 849 941 5306
奥地利： +43 720 883619
巴拿马： +507 833 9326
巴西（圣保罗）： +55 11 3958 4735
巴西（里约）： +55 21 3500 0466
希腊： +30 211 198 9011
德国： +49 89 380 38867
意大利： +39 071 876 0130
挪威： +47 33 99 79 53
捷克共和国： +420 323 280 011
斯洛伐克： +421 44 321 13 01
斯洛文尼亚： +386 8288 0480
新加坡： +65 3158 1985
新西兰： +64 6 888 7025
日本： +81 44 670 4530
智利： +56 35 233 2553
比利时： +32 52 28 01 62
法国： +33 1 76 36 14 16
波兰： +48 95 888 10 64
波多黎各： +1 939 201 3020
澳大利亚： +61 8 6193 7016
澳大利亚（免费电话）： +611 8 0031 9270
爱尔兰： +353 95 72 400
瑞典： +46 583 89 09 08
瑞士： +41 33 588 01 21
秘鲁： +51 1 7086918
罗马尼亚： +40 339 630 007
美国： +1 972 810 6901
美国/加拿大（免费电话）： +1 833 273 2366
芬兰： +358 16 469 13 89
英国： +44 1264 280089
英国（免费电话）： +44 8000 488777
荷兰： +31 10 808 0176
葡萄牙： +351 308 807 185
西班牙： +34 950 68 90 34
阿根廷： +54 223 432 2673
韩国： +82 70 4732 5044
马来西亚： +60 392 126 823
墨西哥： +52 983 980 0537

通过 SIP 或 H.323 视频会议系统加入。
输入 [E164]@meetingsstg.avaya.com
[PIN_START]在系统提示输入 PIN 时输入 [PIN]#[PIN_END]
