加入會議
[DESKTOP_MOBILE_ACCESS_LINK]

若要從電話連線，請撥打以下存取號碼。
提示輸入會議 ID 時，輸入 [MEETING_ID_WITH_SPACE_4]#
[PIN_START]提示輸入 PIN 時，輸入 [PIN]#[PIN_END]

[DIAL-IN-LABEL] [DIAL-IN-NUMBER]

丹麥： +45 89 87 56 70
以色列： +972 2 372 4288
加拿大： +1 613 902 2929
加拿大/美國（免付費電話）： +1 833 273 2366
匈牙利： +36 36 884 006
南非： +27 53 004 0090
印度（免付費電話）： 1800 267 9801
哥倫比亞： +57 1 5085241
多明尼加共和國： +1 849 941 5306
奧地利： +43 720 883619
巴拿馬： +507 833 9326
巴西（聖保羅）： +55 11 3958 4735
巴西（里約）： +55 21 3500 0466
希臘： +30 211 198 9011
德國： +49 89 380 38867
愛爾蘭： +353 95 72 400
挪威： +47 33 99 79 53
捷克共和國： +420 323 280 011
斯洛伐克： +421 44 321 13 01
斯洛維尼亞： +386 8288 0480
新加坡： +65 3158 1985
日本： +81 44 670 4530
智利： +56 35 233 2553
比利時： +32 52 28 01 62
法國： +33 1 76 36 14 16
波多黎各： +1 939 201 3020
波蘭： +48 95 888 10 64
澳大利亞： +61 8 6193 7016
澳大利亞（免付費電話）： +611 8 0031 9270
瑞典： +46 583 89 09 08
瑞士： +41 33 588 01 21
盧森堡： +352 27 86 39 35
秘魯： +51 1 7086918
紐西蘭： +64 6 888 7025
羅馬尼亞： +40 339 630 007
美國： +1 972 810 6901
美國/加拿大（免付費電話）： +1 833 273 2366
義大利： +39 071 876 0130
芬蘭： +358 16 469 13 89
英國： +44 1264 280089
英國（免付費電話）： +44 8000 488777
荷蘭： +31 10 808 0176
葡萄牙： +351 308 807 185
西班牙： +34 950 68 90 34
賽普勒斯： +357 22 000 570
阿根廷： +54 223 432 2673
韓國： +82 70 4732 5044
香港特別行政區： +852 5808 3147
馬來西亞： +60 392 126 823
墨西哥： +52 983 980 0537

從 SIP 或 H.323 視訊會議系統加入。
輸入 [E164]@meetingsstg.avaya.com
[PIN_START]提示輸入 PIN 時，輸入 [PIN]#[PIN_END]
